1 7e-06
2 5e-06
3 3e-06
5 3e-06
8 4e-06
13 4e-06
21 5e-06
34 9e-06
55 7e-06
89 1.1e-05
144 1.6e-05
233 2.5e-05
377 3.7e-05
610 5.9e-05
987 9.2e-05
1597 0.000138
2584 0.000212
4181 0.000352
6765 0.000527
10946 0.000738
17711 0.00124
28657 0.001961
46368 0.002828
75025 0.004245
121393 0.006503
196418 0.010656
317811 0.016681
514229 0.027745
832040 0.044359
1346269 0.071402
LINE
1 0
2 7e-06
3 3.1e-05
5 3.9e-05
8 4.5e-05
13 5.1e-05
21 5.7e-05
34 6.4e-05
55 7.3e-05
89 7.9e-05
144 8.6e-05
233 9.2e-05
377 9.8e-05
610 0.000104
987 0.00011
1597 0.000116
2584 0.000122
4181 0.000128
6765 0.000134
10946 0.000139
17711 0.000146
28657 0.000151
46368 0.000157
75025 0.000163
121393 0.000169
196418 0.000175
317811 0.000181
514229 0.000186
832040 0.000193
1346269 0.000198
